Element["" "" "" "" 70000 1030000 0 0 0 100 ""]
(
	Pad[19850 0 20650 0 11000 2000 13000 "" "2" "square,edge2"]
	Pad[-19850 0 -20650 0 11000 2000 13000 "" "1" "square"]

	ElementLine [25000 -6500 25000 -8550 1000]
	ElementLine [25000 6500 25000 8550 1000]

	ElementLine [-25000 -6500 -25000 -8550 1000]
	ElementLine [-25000 6500 -25000 8550 1000]

	ElementLine [25000 -8550 9600 -16950 1000]
	ElementLine [-25000 -8550 -9600 -16950 1000]

	ElementLine [25000 8550 9600 16950 1000]
	ElementLine [-25000 8550 -9600 16950 1000]

    ElementArc[0 -350 19200 20000 240 60 1000]
    ElementArc[0 350 19200 20000 60 60 1000]
)
